1.617076326e-05	1.617076326e-05	0.463793661061	1.617076326e-05	0.521038163001	0.00616106080207	1.617076326e-05	0.00179495472186	1.617076326e-05	0.00713130659767	
5.03271263211e-05	5.03271263211e-05	0.222496225466	5.03271263211e-05	5.03271263211e-05	5.03271263211e-05	5.03271263211e-05	0.0221942627076	5.03271263211e-05	0.754957221943	
0.0269253731343	0.0257313432836	0.579164179104	0.0054328358209	0.00065671641791	0.117074626866	5.97014925373e-05	5.97014925373e-05	0.202447761194	0.042447761194	
0.00507246376812	0.0104284814115	0.452457466919	0.411814744802	0.00160680529301	0.0879332073094	3.15059861374e-05	3.15059861374e-05	0.00601764335224	0.0246061751733	
0.0572586206897	1.72413793103e-05	0.513637931034	0.0139827586207	0.031224137931	0.0163965517241	0.335534482759	1.72413793103e-05	0.0319137931034	1.72413793103e-05	
0.022610619469	4.42477876106e-05	0.604469026549	4.42477876106e-05	0.0646460176991	0.038982300885	4.42477876106e-05	4.42477876106e-05	0.268628318584	0.000486725663717	
0.330153203343	0.118454038997	0.502158774373	6.96378830084e-05	0.00146239554318	0.0230501392758	6.96378830084e-05	6.96378830084e-05	0.0244428969359	6.96378830084e-05	
4.43066016837e-05	4.43066016837e-05	0.419184758529	0.551218431546	0.023526805494	4.43066016837e-05	4.43066016837e-05	4.43066016837e-05	4.43066016837e-05	0.00580416482056	
0.0248932038835	3.88349514563e-05	0.470718446602	3.88349514563e-05	3.88349514563e-05	0.501009708738	0.00120388349515	0.00198058252427	3.88349514563e-05	3.88349514563e-05	
2.76243093923e-05	0.28317679558	0.582624309392	0.00085635359116	0.00997237569061	0.0116298342541	2.76243093923e-05	0.0712983425414	2.76243093923e-05	0.0403591160221	
0.233553299492	0.0051269035533	0.571624365482	0.019847715736	0.00106598984772	5.07614213198e-05	0.000558375634518	0.0701015228426	0.00360406091371	0.0944670050761	
4.16840350146e-05	0.0158816173406	0.601959149646	4.16840350146e-05	4.16840350146e-05	0.0375573155481	4.16840350146e-05	0.336015006253	0.00546060858691	0.00295956648604	
5.68828213879e-05	5.68828213879e-05	0.332252559727	5.68828213879e-05	5.68828213879e-05	0.0575085324232	5.68828213879e-05	0.608134243458	5.68828213879e-05	0.00176336746303	
4.38788942519e-05	0.00794207985959	0.599429574375	0.000921456779289	4.38788942519e-05	0.0373409390083	4.38788942519e-05	0.0250548486178	0.0162790697674	0.31290039491	
4.42673749447e-05	0.0221779548473	0.38030101815	0.000486941124391	0.517972554228	0.0181938911023	0.000486941124391	4.42673749447e-05	4.42673749447e-05	0.0602478972997	
0.408621268031	3.35457900034e-05	0.550184501845	3.35457900034e-05	3.35457900034e-05	0.0386112042939	3.35457900034e-05	3.35457900034e-05	0.00238175109024	3.35457900034e-05	
0.0328318108544	5.37345513165e-05	0.528801719506	0.0188608275121	0.0306824288017	0.0145620634068	0.226276195594	0.0693713057496	0.0774314884471	0.00112842557765	
0.178372881356	6.77966101695e-05	0.512610169492	6.77966101695e-05	0.0237966101695	0.0441355932203	0.175661016949	6.77966101695e-05	0.0570169491525	0.00820338983051	
0.00110629067245	2.16919739696e-05	0.465097613883	0.000238611713666	2.16919739696e-05	0.125618221258	0.000889370932755	0.390694143167	0.0097830802603	0.00652928416486	
5.70450656018e-05	5.70450656018e-05	0.175755847119	5.70450656018e-05	5.70450656018e-05	5.70450656018e-05	5.70450656018e-05	5.70450656018e-05	5.70450656018e-05	0.823787792356	
0.246732954545	0.00194128787879	0.531770833333	4.73484848485e-05	0.0180397727273	0.111316287879	4.73484848485e-05	4.73484848485e-05	0.0327178030303	0.0573390151515	
3.2195750161e-05	3.2195750161e-05	0.469446233097	0.0193496458467	0.0219253058596	0.223470701867	3.2195750161e-05	3.2195750161e-05	0.265647134578	3.2195750161e-05	
4.80769230769e-05	4.80769230769e-05	0.514951923077	0.275528846154	0.0452403846154	0.0279326923077	4.80769230769e-05	0.0909134615385	0.0111057692308	0.0341826923077	
0.0259632697155	0.000756211739287	0.458084263594	0.000396110911055	0.11058696435	0.3752610731	3.60100828232e-05	0.00255671588045	3.60100828232e-05	0.0263233705438	
0.0355709876543	0.0672067901235	0.565663580247	0.0425154320988	7.71604938272e-05	0.209182098765	7.71604938272e-05	7.71604938272e-05	0.0255401234568	0.0540895061728	
0.00154298310066	0.00889052167524	0.590080822924	7.34753857458e-05	0.330712711242	0.0272593681117	0.0155033063924	7.34753857458e-05	0.00154298310066	0.0243203526819	
0.000102459016393	0.0031762295082	0.519569672131	0.000102459016393	0.0308401639344	0.00727459016393	0.00112704918033	0.000102459016393	0.000102459016393	0.437602459016	
0.00293696275072	0.331733524355	0.525143266476	7.16332378223e-05	0.116833810888	0.0115329512894	7.16332378223e-05	7.16332378223e-05	7.16332378223e-05	0.0115329512894	
0.000172413793103	0.132931034483	0.460517241379	0.0363793103448	0.000172413793103	0.0622413793103	0.00362068965517	0.303620689655	0.000172413793103	0.000172413793103	
0.382212765957	8.51063829787e-05	0.515829787234	8.51063829787e-05	8.51063829787e-05	0.0290212765957	8.51063829787e-05	0.00178723404255	8.51063829787e-05	0.0707234042553	
2.442002442e-05	2.442002442e-05	0.543125763126	2.442002442e-05	0.000512820512821	0.138485958486	0.257655677656	0.0364102564103	2.442002442e-05	0.0237118437118	
0.0352417302799	0.000466497031383	0.542875318066	0.0352417302799	0.0148854961832	0.134054283291	0.00301102629347	4.24088210348e-05	0.223112807464	0.0110687022901	
4.67726847521e-05	0.474321796071	0.439710009355	4.67726847521e-05	4.67726847521e-05	0.0192235734331	0.000514499532273	0.0659962581852	4.67726847521e-05	4.67726847521e-05	
4.03877221325e-05	4.03877221325e-05	0.353836833603	4.03877221325e-05	4.03877221325e-05	0.00529079159935	0.634127625202	0.006098546042	4.03877221325e-05	0.000444264943457	
7.4794315632e-05	0.0748691099476	0.620119670905	7.4794315632e-05	0.00755422587883	0.0255048616305	0.000822737471952	0.0696335078534	0.201271503366	7.4794315632e-05	
4.48028673835e-05	0.0121415770609	0.447625448029	4.48028673835e-05	4.48028673835e-05	0.0614247311828	4.48028673835e-05	0.463754480287	0.000940860215054	0.0139336917563	
0.364233576642	0.0376872839032	0.512908182866	3.84172109105e-05	0.044218209758	0.040760660776	3.84172109105e-05	3.84172109105e-05	3.84172109105e-05	3.84172109105e-05	
0.000116959064327	0.0012865497076	0.425847953216	0.0597660818713	0.379064327485	0.0469005847953	0.000116959064327	0.00479532163743	0.000116959064327	0.0819883040936	
3.80952380952e-05	3.80952380952e-05	0.411085714286	3.80952380952e-05	0.00460952380952	3.80952380952e-05	3.80952380952e-05	0.0015619047619	3.80952380952e-05	0.582514285714	
0.0073502722323	0.069056261343	0.653448275862	0.020054446461	0.163430127042	0.041833030853	0.000998185117967	9.07441016334e-05	0.0436479128857	9.07441016334e-05	
4.1203131438e-05	4.1203131438e-05	0.331726411207	0.0239390193655	0.000865265760198	0.000453234445818	0.000453234445818	0.632509270705	4.1203131438e-05	0.00992995467656	
4.22654268808e-05	4.22654268808e-05	0.478486897718	4.22654268808e-05	4.22654268808e-05	0.0194843617921	4.22654268808e-05	4.22654268808e-05	0.501732882502	4.22654268808e-05	
4.14937759336e-05	0.581784232365	0.390082987552	4.14937759336e-05	4.14937759336e-05	0.00253112033195	4.14937759336e-05	4.14937759336e-05	4.14937759336e-05	0.0253526970954	
5.24658971668e-05	0.00162644281217	0.404039874082	0.468048268625	0.0173662119622	0.0126442812172	0.0792759706191	5.24658971668e-05	0.0011017838405	0.0157922350472	
0.0585466179159	0.0407221206581	0.566316270567	0.0443784277879	0.0471206581353	0.185603290676	0.0215265082267	4.57038391225e-05	4.57038391225e-05	0.0356946983547	
7.4294205052e-05	0.0379643387816	0.532763744428	7.4294205052e-05	7.4294205052e-05	0.0186478454681	7.4294205052e-05	7.4294205052e-05	0.408692421991	0.00156017830609	
2.64620269913e-05	2.64620269913e-05	0.62664726118	0.372876422334	0.000291082296904	2.64620269913e-05	2.64620269913e-05	2.64620269913e-05	2.64620269913e-05	2.64620269913e-05	
0.392020905923	3.48432055749e-05	0.529303135889	3.48432055749e-05	3.48432055749e-05	0.0690243902439	0.00421602787456	0.00526132404181	3.48432055749e-05	3.48432055749e-05	
2.96823983378e-05	0.00121697833185	0.347016918967	0.0110121697833	0.0938260611457	2.96823983378e-05	2.96823983378e-05	0.524220837044	2.96823983378e-05	0.0225883051351	
2.15842866393e-05	2.15842866393e-05	0.512216706238	2.15842866393e-05	0.450701489316	0.0369307144399	2.15842866393e-05	2.15842866393e-05	2.15842866393e-05	2.15842866393e-05	
3.55113636364e-05	0.00997869318182	0.682919034091	3.55113636364e-05	0.0675071022727	0.0131747159091	0.000390625	3.55113636364e-05	0.224467329545	0.00145596590909	
